  -6    6  -19  -20   20   11   -5   -6  -12  -31    9  -26   -9   20  -14    2 
   6   -3  -12   13   -4   18    1  -18   18   17   10   33   25  -30   41   10 
   0   22  -30  -25    2    8  -12    8  -17  -11   22  -17  -26   13  -13    5 
 -16    8    7    2   -9    5   -4  -19  -12  -29   21   11    4   17  -10  -26 
 -13  -12   20   -8   -1  -11   -2   -5   -5  -12    0   -4  -18   11  -10  -35 
  -5    6    9    2   27    3   12   -5    3   -5  -12    2   11   -5   -1    8 
  -1  -19  -16   -5  -10  -12   11  -22   -3  -14    6  -18   -9    8   -3   13 
  10   -5   27   19   15   -6  -10    6   -6   12  -27   10   18  -10   -7    8 
 -14    3  -14  -13  -12   -6    1    0   -1   -5   11  -11  -10    0    5  -20 
  -3   -6   12  -11   21    6   18  -19   -3  -43   -8  -16   -2    4    9  -19 
  -1   17    7  -12   10   12  -19   13  -17  -17  -22   -9  -22   11  -12  -23 
  14   16  -17   25  -12   24  -12   33    3   22  -21   18   41  -22   -9   24 
 -15   -2  -19    4   -3    6    1   13   21   19   11   -1   19    0  -31   21 
 -20   -6   11    6  -24   -2    4   19   20   11   -1   -3   14    2  -37  -16 
  -2   22  -17  -36    8  -30    2   30   10   -1   17  -12  -19   -2  -18    4 
  11   13    1    5   10    9    0   15  -21   -5  -30   -4   12    0   -6    7 
